2	46.007943	7.032885 352 347 
3	46.007663	7.031738 335 342 
4	46.007109	7.031353 230 230
5	46.006847	7.032119 225 350 371
6	46.006465	7.031656 237 245 
7	46.005743	7.031668 175 200
8	46.004798	7.032321 282 226 229
9	46.004235	7.032328 212 217
10	46.003482	7.032965 238 241
11	46.002746	7.033501 340 300 300
12	46.001478	7.033067 277 295
13	45.999999	7.03278 325 325
14	45.998957	7.035107 330 340
15	45.998676	7.03665 287 282
16	45.998758	7.03806 302 300
17	45.998941	7.039203 268 278
18	45.998938	7.039218 306
19	45.996544	7.039915 300 314
20	45.995808	7.037975 280 360 320
21	45.993049	7.033964 325 333 
22	45.99161	7.032307 320 340
23	45.990013	7.028137 340 345
24	45.989143	7.024682 390 364 385
25	45.988137	7.021177 390 360
26	45.988199	7.018322 300 308
27	45.988202	7.018361 267 253
28	45.988444	7.013975 312 330 
29	45.988534	7.012386 412 350
30	45.98855	7.012189 370 370 
31	45.989379	7.013142 450 453
32	45.990758	7.014458 450 402 420
33	45.991993	7.015696 490 400 412
34	45.993167	7.016066 472 473
35	45.993862	7.015683 390 400
36	45.993096	7.014687 488 480
37	45.992197	7.013933 500
38	45.992715	7.013187 500
39	45.993625	7.012761 488 473
40	45.994326	7.0125 500
41	45.995034	7.013326 500 480
42	45.995042	7.013311 500 480
43	45.996136	7.014738 474 493 
44	45.997466	7.015282 421 400
45	45.996213	7.016196 438 455
46	45.996991	7.017403 375 380
47	45.995897	7.018168 500 467
48	45.99456	7.019131 325 318
49	45.993488	7.019338 418 392
50	45.996117	7.020208 434 420
51	45.997633	7.020246 438 452
52	45.996851	7.021289 410 400
53	45.995774	7.022341 390 340
54	45.994513	7.025284 340 328
55	45.994597	7.029477 380 376
56	45.9948	7.029702 365
