201 2568385 1093901 370 375
202 2568448 1094124 330 335
203 2568475 1094310 316 310
204 2568517 1094521 364 330
101 2569265 1093930 280 265 
102 2569217 1093876 260 265
103 2569113 1093811 310 320
104 2569166 1093657 330 390 
105 2569042 1093536 300 310
106 2569167 1093395 320 320
107 2569343 1093314 315 335
108 2569320 1093139 345 345
109 2569347 1092979 395 305 400
110 2569422 1092854 470 480
111 2569298 1092807 425 425
112 2569168 1092800 472 471
113 2569197 1092966 300 310
114 2569096 1092905 415 430
115 2568983 1092827 420 423
116 2568836 1092768 435 445
117 2568914 1092913 390 395
118 2568726 1092861 450 440
119 2568621 1092710 490 480
120 2568496 1092613 472 490
121 2568349 1092625 443 453
122 2568245 1092660 425 440
123 2568314 1092850 452 455
124 2568295 1093137 433 432
125 2568279 1093390 411 453 436
126 2568303 1093628 387 383